-12.194686 122.467578
36.646774 101.915720
-37.221449 148.193049
32.442924 -59.319808
6.196574 -80.001104
14.936114 -8.137061
1.535815 -48.677590
56.345051 162.802701
25.759453 48.856222
12.353215 -129.023080
-30.945764 -174.131794
37.470546 -130.596632
-11.426530 -123.595528
-51.479226 -133.275439
-34.297236 179.612826
42.705052 4.655662
-24.075291 40.550340
2.784203 49.518816
71.005539 -2.310125
32.868680 -74.693958
32.671909 9.628192
51.541505 -35.917696
-17.162533 -78.006691
56.935083 110.780827
63.981721 -154.888101
-55.882423 9.358326
19.053680 -110.803015
-17.590638 140.483737
-73.730365 -156.898325
-60.904253 -15.227375
70.265647 -94.219217
44.574780 144.794906
4.561015 -84.000330
31.365627 -44.925489
19.599754 4.512731
-67.137415 11.378316
59.731195 -22.450465
26.225471 155.091526
28.494124 -77.654375
-16.971899 50.392374
-41.916869 67.630100
49.477465 -21.562370
-19.835800 118.512393
51.882343 -97.571458
21.921740 -53.870336
10.211383 164.328571
45.836341 56.629454
57.988269 -21.758429
39.015735 -36.562800
55.279878 66.318669
-34.635252 -6.303364
57.167216 162.090855
49.651835 -126.842395
-7.821837 50.789015
-25.968770 43.054734
-22.648971 102.960755
-33.215307 -19.067912
-26.585363 -112.488081
-9.613289 20.319752
54.449943 -118.941449
-48.404421 -142.858372
31.396028 -1.640136
60.459566 174.510599
-13.510487 66.400206
-15.228723 89.917518
-32.376261 -74.102270
-30.742096 30.415860
27.664737 -125.139675
35.940216 -134.829034
29.349966 -120.923304
64.185430 -153.169272
2.471748 -161.089466
-31.323884 -116.564164
27.730210 107.207299
69.197515 56.362915
31.296686 50.205004
-46.902759 -146.347028
-57.515388 7.275625
-36.205976 -154.833697
39.743708 -13.888630
30.741239 26.394706
-43.187318 -161.302025
-36.252354 179.997685
-48.509281 140.384032
-63.111060 179.207640
-58.797582 133.394351
57.794096 -178.501821
-39.736324 33.801184
-12.510559 -121.272660
39.746371 148.689604
6.025441 -50.725667
-5.442589 28.594798
-53.198900 67.459476
30.969898 11.090876
79.884898 -70.453746
49.045257 27.709600
14.940740 89.211347
29.709701 -167.248474
58.293676 119.965875
41.458323 134.377683
