-12.194686 122.467578
36.646774 101.915720
-37.221449 148.193049
32.442924 -59.319808
6.196574 -80.001104
14.936114 -8.137061
1.535815 -48.677590
56.345051 162.802701
25.759453 48.856222
12.353215 -129.023080
-30.945764 -174.131794
37.470546 -130.596632
-11.426530 -123.595528
-51.479226 -133.275439
-34.297236 179.612826
42.705052 4.655662
-24.075291 40.550340
2.784203 49.518816
71.005539 -2.310125
32.868680 -74.693958
32.671909 9.628192
51.541505 -35.917696
-17.162533 -78.006691
56.935083 110.780827
63.981721 -154.888101
-55.882423 9.358326
19.053680 -110.803015
-17.590638 140.483737
-73.730365 -156.898325
-60.904253 -15.227375
70.265647 -94.219217
44.574780 144.794906
4.561015 -84.000330
31.365627 -44.925489
19.599754 4.512731
-67.137415 11.378316
59.731195 -22.450465
26.225471 155.091526
28.494124 -77.654375
-16.971899 50.392374
-41.916869 67.630100
49.477465 -21.562370
-19.835800 118.512393
51.882343 -97.571458
21.921740 -53.870336
10.211383 164.328571
45.836341 56.629454
57.988269 -21.758429
39.015735 -36.562800
55.279878 66.318669
-34.635252 -6.303364
57.167216 162.090855
49.651835 -126.842395
-7.821837 50.789015
-25.968770 43.054734
-22.648971 102.960755
-33.215307 -19.067912
-26.585363 -112.488081
-9.613289 20.319752
54.449943 -118.941449
-48.404421 -142.858372
31.396028 -1.640136
60.459566 174.510599
-13.510487 66.400206
-15.228723 89.917518
-32.376261 -74.102270
-30.742096 30.415860
27.664737 -125.139675
35.940216 -134.829034
29.349966 -120.923304
64.185430 -153.169272
2.471748 -161.089466
-31.323884 -116.564164
27.730210 107.207299
69.197515 56.362915
31.296686 50.205004
-46.902759 -146.347028
-57.515388 7.275625
-36.205976 -154.833697
39.743708 -13.888630
30.741239 26.394706
-43.187318 -161.302025
-36.252354 179.997685
-48.509281 140.384032
-63.111060 179.207640
-58.797582 133.394351
57.794096 -178.501821
-39.736324 33.801184
-12.510559 -121.272660
39.746371 148.689604
6.025441 -50.725667
-5.442589 28.594798
-53.198900 67.459476
30.969898 11.090876
79.884898 -70.453746
49.045257 27.709600
14.940740 89.211347
29.709701 -167.248474
58.293676 119.965875
41.458323 134.377683
29.184429 172.596286
75.282787 145.211882
-0.314152 60.076920
41.301678 -120.971519
-57.780380 140.021550
-30.259139 53.894515
-32.801215 46.612693
-21.485498 72.223187
-32.489436 -61.640264
15.434964 -153.302051
17.593645 -99.483691
70.549825 3.846950
5.290976 -79.184875
-50.663711 78.936687
10.665787 -10.265966
-5.633506 159.954514
44.056619 -58.913595
-83.482423 -23.575214
11.359396 -55.820536
-32.155344 119.967586
-1.954133 63.171353
-22.960015 -6.503104
-39.411710 76.351413
-66.674666 43.856216
23.076984 -30.965854
15.978719 62.617139
-39.105852 -55.038286
14.733045 39.278110
-20.075074 83.062564
-36.553594 86.557839
21.685590 151.529168
-29.043207 55.126920
-55.559379 11.678750
49.005090 -86.221101
-54.342832 67.004974
-16.069203 -139.940773
10.744102 27.608586
-24.989012 59.960373
-25.039386 99.276207
-38.352513 -61.328852
-83.140902 174.370753
-19.696750 117.860809
-7.296615 -112.247625
56.914908 165.109306
23.462627 95.353717
21.812574 -136.388462
33.267387 -41.820502
56.361151 159.498459
-36.363326 130.290164
5.513720 105.716462
54.082738 -72.976157
48.413796 147.471465
8.765983 -0.668187
-26.883487 -121.407572
-0.871064 131.248426
44.257509 -13.081626
-24.701662 -1.448137
21.614317 -115.048354
-46.210214 81.918102
-0.868440 37.119177
26.647741 121.728097
-33.784371 -115.845297
-49.242755 -0.530826
-16.207380 -130.234157
59.744892 -63.069480
14.134024 147.054475
39.513144 121.257995
-19.272212 -1.413209
18.521611 -38.042223
-28.828386 39.197829
-58.749791 -125.557205
17.122447 -141.174618
-25.053286 -49.104613
-54.855496 -60.701105
60.341400 -26.162021
-27.974422 30.085307
31.571059 57.148788
-43.271461 -4.526329
14.556266 137.893173
-35.754459 6.377300
-8.487941 20.721820
-12.194047 118.778056
-20.363389 -92.042285
16.099621 82.569624
-18.875579 174.544066
-46.706518 143.121696
-81.564997 -32.116342
33.282840 101.981518
-50.413587 -74.275895
26.232298 131.592533
-5.842243 -162.301514
24.570852 175.128160
-2.992891 -104.082149
-54.307606 131.465236
-13.544950 -144.158653
18.314928 -71.365283
-47.442224 111.274311
-63.272472 -161.457017
34.175988 -15.222381
-6.596677 69.147519
10.327441 -137.119939
3.428243 28.308545
-16.031531 34.216292
51.027384 -70.457237
-41.327293 -8.429524
2.951708 39.502481
11.092438 42.813137
41.270639 -95.883764
-53.352716 -154.767527
-41.353357 152.542012
-33.299682 -6.575993
-24.729998 117.636987
49.161463 -51.410499
39.036647 -56.069655
-68.024691 57.292578
33.815104 -87.311196
42.237670 45.347079
-33.916304 -69.063642
12.996057 -108.712588
20.439033 -140.496232
26.035223 101.614418
-11.398092 -107.873151
-7.584189 -66.363109
-13.208984 -96.841458
-43.673858 11.824556
-76.129804 19.943185
-13.630867 -43.122718
28.347335 -70.053118
17.416641 -86.239857
57.053819 18.833902
38.284784 66.955091
-22.092258 71.225360
-81.111336 52.520056
43.457732 11.865541
16.581866 42.640839
-11.454045 6.665355
25.959420 -49.624441
20.831737 108.682812
-69.101642 -124.964711
21.804674 -157.118185
13.763613 -112.458092
7.796912 72.108409
-81.333332 -179.594827
-28.480482 -70.114026
45.652250 55.932518
-18.499178 -114.781963
49.289856 60.242583
-21.934160 55.189779
-38.863742 138.605115
0.396603 -123.429894
20.567346 118.424630
-38.153960 145.501212
24.338926 -37.972335
5.439474 132.812640
59.879188 86.025378
58.556126 -96.077201
60.093483 18.519455
6.035049 -2.013523
36.819164 158.086499
10.894113 113.089943
82.137786 56.592327
-20.543423 156.906627
10.271534 134.751377
31.241551 49.597549
36.144257 99.151727
12.049551 -85.397553
-41.766062 -10.596884
46.900732 106.376547
19.197705 134.287682
12.941815 -31.506265
16.929990 34.883643
-44.693666 13.880346
-69.078927 28.447742
2.080371 72.327725
1.724758 119.739273
-1.167769 -139.446741
-64.555334 3.725650
-13.337297 113.166511
-5.494789 49.556292
-10.011413 -128.166481
-10.746665 -91.068286
25.797607 -173.715623
38.747837 26.539625
-6.114457 29.765610
82.025411 -8.149888
-58.372915 -158.859632
11.218993 50.675879
-34.085148 -99.863148
57.889598 46.887536
-4.260745 85.657862
44.521181 -22.117753
63.873194 162.958411
32.277972 143.671006
4.214178 -59.915077
-2.573305 -101.111019
-3.879758 161.935317
69.156187 138.354410
-4.814040 -113.844476
32.201281 100.880619
-29.001287 145.721343
67.973349 94.180480
-11.258887 -60.535514
6.251697 21.882424
-38.166198 43.979980
-16.247658 -7.934083
56.412852 55.396770
12.303164 -104.151038
-51.301303 131.556060
-37.012880 -45.519898
10.683509 52.747266
11.109287 63.559427
6.992738 -158.810222
-30.980634 22.902278
-18.198934 -173.192128
57.928325 -176.733563
32.777069 36.513628
60.059604 139.390925
-5.971684 -117.696724
36.189838 -4.420548
68.648314 50.043310
-24.470318 -124.078903
-15.541966 137.593533
29.687920 143.795261
-27.002267 -8.709973
-49.055819 160.790577
14.263929 131.644447
58.111640 78.719876
-25.812816 -113.736159
-36.444656 -119.820474
-40.355063 45.405050
-33.017573 -134.399073
-76.474882 160.892880
-49.466081 -122.103208
17.282920 -13.734798
-52.966742 149.479411
-59.191740 41.121614
-0.408985 -38.251407
-24.434031 -22.829432
55.566303 -92.135260
-38.212627 23.819218
-7.834550 -167.502112
30.448611 113.005321
84.835135 -51.702111
2.699444 -167.160082
18.879758 -107.659125
-20.167620 71.923378
17.063037 140.163646
-64.113967 -57.066345
37.348412 96.012413
21.336425 71.536683
-21.969969 145.507369
-23.836842 90.892333
-38.453024 111.373444
-63.268115 32.799816
-43.270993 -143.476505
-46.690496 -92.106500
-62.115898 32.082698
62.999588 140.239148
58.259477 -159.832016
-29.082069 -11.141998
-41.477483 31.324034
-2.710567 30.450661
58.444658 113.597638
9.468206 9.548119
-33.334698 82.583172
15.495915 -84.898124
-75.172089 13.743099
-17.752635 155.346502
2.593940 -105.942890
-22.684925 -35.645274
16.873997 64.765352
-27.513350 -20.398011
-19.524865 73.147049
31.226117 -102.771363
21.539834 -87.079798
43.649566 -174.176109
11.626168 126.868019
19.628512 -64.268084
44.106973 9.658867
-29.179298 -89.924291
1.648304 -153.635163
12.874829 140.332580
39.990573 11.171794
28.261334 165.224479
-16.267100 -56.174600
-72.227049 -164.190490
-1.460724 -178.172567
24.615384 -74.561199
0.849103 115.252635
-57.509896 -11.710485
-1.874095 -111.245923
-65.952870 152.417073
-30.682708 -149.612042
12.854876 76.087754
67.388095 -146.570976
-41.898408 132.288865
30.968289 -8.658953
-80.415037 99.901798
28.224252 28.300527
57.687372 87.741745
35.119576 -145.294517
-52.848304 160.716678
-31.423417 -81.037246
-54.087579 111.507398
-26.459986 88.822918
61.095641 -117.611773
-53.768668 93.910320
43.673344 173.199092
22.639204 -57.045710
-7.539161 -15.654897
-20.611744 55.450308
-47.735507 36.177176
-14.123081 -150.744587
18.648122 -130.695803
49.584801 -138.794749
-35.329215 29.681866
3.311803 60.597198
62.429769 -67.556349
-49.097728 96.554025
1.711789 -166.224659
-35.230630 -36.252037
-42.818346 -17.046061
-7.613108 -69.031132
17.431964 -178.043440
-4.364536 -134.560123
34.090454 -149.693528
21.675758 102.935632
47.256093 147.681541
-64.908915 -157.437378
-40.220734 9.746984
-51.347715 154.031681
11.091866 -40.321392
23.620646 49.827395
-10.764338 14.188830
8.937473 116.073309
-33.817437 151.758363
-14.572113 104.127739
-53.612076 -42.520445
-13.023749 110.865333
60.268880 89.019765
41.523221 125.737779
15.688537 77.195396
14.437059 5.809884
9.069071 0.864456
-70.228230 61.862675
11.502640 92.140379
-45.407401 -129.959709
33.698351 -109.476765
28.074718 123.941246
19.476135 -113.750894
-52.077929 -67.323763
-52.705672 139.835827
-27.345752 -7.280230
-25.120741 -108.099417
63.380517 56.751496
0.792386 -100.109686
60.773740 100.246584
-24.254936 -128.837313
16.800472 21.962647
-32.296707 134.428974
14.994044 62.638583
38.755163 119.719679
-70.577979 98.388340
13.601312 32.546560
33.289169 94.954979
-57.832280 -77.655859
-40.885972 136.803135
-16.285769 -115.564809
-14.038807 -20.504651
-52.999346 53.108009
47.636060 -62.743879
-52.340129 38.736120
29.962813 110.084033
-15.450594 -36.440826
-27.104923 -38.074050
-59.715314 35.872002
-7.793419 144.557502
20.468913 137.243407
-3.251699 -14.165406
-33.447251 -74.724571
8.826452 -91.414366
-48.403632 -71.579211
-2.274610 89.799538
-37.953985 -5.088326
-47.157357 129.191754
-39.112503 -74.458268
53.277761 -178.981994
38.114394 -76.049419
22.027662 54.176659
-65.580230 -116.851282
33.374911 165.497902
46.263761 -139.332858
81.261470 -105.387599
19.622205 13.001246
41.078516 -12.299482
25.075487 141.236569
-37.807805 -34.103755
-43.675958 121.674921
-20.627856 62.513338
3.728478 -55.009331
16.304110 -15.393722
-4.580811 78.152968
-81.231980 14.810252
-38.078416 -83.273678
-6.419396 69.613303
17.828770 -94.910479
-17.538818 -101.104240
-8.463358 5.166610
-64.035759 -56.332787
38.221965 -146.044843
76.727048 136.444531
-25.558990 7.653883
-16.350147 -115.150917
45.037466 -21.963442
34.915902 65.915398
-45.998699 -40.932486
-52.487409 -26.440372
69.290956 36.145959
47.576553 -140.675968
37.243769 -122.643208
-12.042172 -67.252679
3.708697 -15.951459
70.065697 88.202976
-55.380534 165.151243
-63.361522 -172.616993
53.038706 143.237920
-9.306293 -165.701875
-34.076083 -113.831687
14.216267 100.220607
-4.417422 -153.490370
-4.595864 -32.767901
42.149327 36.657682
-36.550804 22.797627
20.189141 109.161606
67.683773 -154.324077
-13.354892 -8.941005
59.508961 -51.035289
-52.515016 150.066326
48.695189 144.322686
57.437986 -110.962124
-55.153928 154.323968
69.519186 115.533231
-82.115653 3.167599
-25.189982 -112.230698
-28.439345 45.906416
-67.973157 89.524212
-17.396919 79.856077
-25.448627 133.930241
20.518528 18.985535
14.366244 164.775364
-7.715459 49.610246
82.785564 -176.915299
58.303046 -49.058106
-28.083143 -144.257357
-24.701194 108.368596
27.348599 -113.029726
-80.432901 -42.943686
51.171094 71.314657
50.595946 -175.794950
16.164558 -116.387880
58.294144 -126.637109
47.740393 63.249981
5.476972 -80.681775
41.089954 -124.127328
-50.730529 -99.727930
46.184125 -17.034783
-4.444906 16.482394
54.987194 128.457273
65.814210 -40.799055
-38.653837 -117.311132
-16.240596 -91.019565
14.818607 150.262105
13.354894 -47.837352
-14.028333 6.260663
22.841433 0.660720
17.465482 -173.520836
22.791831 43.009114
52.251672 7.242578
20.526482 -93.090632
-4.083732 80.631099
-40.292289 103.763286
-19.388296 -62.936246
-39.493768 49.646233
-71.961565 -92.330033
-9.478247 -130.279057
-13.263915 -103.583281
-47.788794 100.017978
-45.243673 -175.261873
3.503206 88.255585
-30.399120 8.548324
4.788972 -99.128428
43.489848 142.939917
-9.535159 -95.243367
-2.653743 86.208025
-4.192979 -146.702254
49.592209 158.847439
-27.850106 50.435439
-26.358783 -102.693289
-4.787641 -18.567779
9.966546 -71.071149
1.701798 135.335514
17.909802 169.854543
75.920538 52.024394
-12.748199 107.534119
-20.799423 5.591460
28.708275 49.196285
3.866006 131.109931
-53.200951 30.343718
-20.639710 162.318697
-65.957286 27.532565
2.031244 103.390868
-8.360988 152.677474
-46.245536 102.291198
-32.335088 73.907979
-79.814319 34.960864
-3.090257 114.876584
35.580034 8.182400
-41.722063 -134.350129
58.323020 99.323797
-24.653995 20.486773
-37.797451 -90.733568
-50.867348 -168.621712
13.402416 81.819260
20.874488 -103.757073
35.206885 158.273750
26.980827 79.754400
16.935094 -69.844505
-55.058835 -124.509075
45.962319 102.416060
-13.697448 -63.829888
-45.758647 132.235734
-12.703116 127.673301
74.345538 155.777823
24.659906 20.624929
-50.497935 146.507162
-43.641722 -179.983124
-69.503492 -69.205240
-68.422677 -83.850043
-2.422142 53.117171
10.043395 76.751978
-7.499649 -83.831625
8.409307 -66.944461
-3.648239 -151.061747
46.865120 58.770564
76.383354 -62.054633
-37.597095 -91.268763
-52.916021 -134.012628
-61.531853 30.599236
-45.677737 -150.272290
78.260458 96.866815
32.564094 -87.664133
7.383123 -127.991533
-10.189108 108.278855
-5.932423 35.744647
-22.025472 140.551308
-43.227008 -167.213053
-17.510170 89.003003
40.937031 83.043554
-12.248013 114.388948
-45.174235 69.295569
61.393265 -43.245206
0.872892 -57.484582
58.281017 -165.568657
-48.996711 24.507362
-19.007930 -155.661181
-20.597898 -139.606074
-29.120854 -141.742133
54.497769 139.805312
-1.416636 60.560817
6.735703 -52.067252
-12.604737 108.046584
5.435200 77.831809
-6.099073 86.562180
6.684102 -45.009157
-59.891326 122.689482
-33.961998 73.285444
-65.813606 -177.686783
-65.090564 82.186443
-24.032618 168.915516
-67.875065 -119.096385
-25.927652 48.067981
28.658500 -50.070980
-30.097695 13.699934
-35.975572 52.862571
-84.611944 85.284291
4.247238 95.372877
-2.163529 -38.484986
-47.130443 -149.619538
-4.661600 154.080051
32.520988 69.028322
-12.085316 9.657716
3.813281 176.213809
25.820739 -21.885372
-10.554217 28.715495
29.860101 -174.905944
17.178205 -19.715521
37.755793 -169.083350
7.860335 -40.512115
-68.651964 -160.052169
35.776354 98.877337
4.540736 -166.854225
-8.092602 -61.437003
-9.935320 -172.545099
63.820515 22.737983
-29.352886 134.314763
-11.545900 78.304484
24.455761 54.080071
-55.199132 155.943413
1.483142 -27.081455
-7.016330 -0.775157
62.394969 -85.721983
-24.556173 -148.825363
-2.973546 89.722820
37.537561 129.811252
15.693555 3.012978
5.150424 34.902773
58.494238 -117.061197
-37.511732 170.819542
4.319585 -57.590771
-35.012533 -128.071344
46.345656 105.323829
-6.570333 40.696472
5.304213 24.751433
80.771077 11.598599
-70.029697 -158.701207
-20.971689 -24.317422
2.183248 170.332764
26.407553 40.771478
-2.998979 177.519737
0.169569 9.726236
-48.769230 -140.728680
-25.605098 -163.308532
-73.389894 -161.905221
-12.675097 -7.396173
14.323869 21.068535
-17.326726 37.228000
-34.547291 -5.234378
-63.071443 105.796264
-20.353198 94.564357
40.067091 -162.812967
-2.270267 -51.781694
-19.961153 -128.560039
30.816204 179.726825
79.965536 -161.393345
9.056302 -97.205830
-18.775350 -2.220723
4.611157 72.961899
30.389151 44.275613
-52.666046 21.981755
-49.537576 -128.439314
29.555768 81.411922
-35.225184 -10.557347
-28.092402 166.713158
26.842644 -84.305401
-21.893334 32.633781
63.332065 17.140666
22.395854 105.751242
35.872908 -80.596842
-20.144559 -19.207934
20.686650 102.724629
-26.208884 146.342703
12.612661 -174.348274
16.103546 114.974651
-13.835262 -49.638720
0.611792 86.806779
-3.752787 0.006695
70.285511 -89.289348
-34.741002 64.396244
62.797142 -95.311734
40.676633 158.701325
-1.323653 -87.027526
-63.634504 98.174135
-64.468488 -115.577383
14.548100 124.201783
15.111738 -44.412895
-25.704083 -71.199081
-21.355403 147.430318
27.245584 141.234409
-29.415213 164.379985
23.296040 -140.638624
12.633365 93.517655
-77.556617 -120.594536
43.455206 28.817420
39.093454 -98.347884
-41.659552 103.892550
-64.999680 50.827733
-9.916445 56.195431
42.074804 -144.411261
62.588764 -13.420840
42.742255 -14.167269
31.718242 26.716934
-1.863316 -135.903927
-76.021446 -150.913703
-67.696619 -103.447778
-20.856925 -83.073829
-70.386560 84.653045
53.161154 155.281669
1.304893 -165.327866
-27.701503 87.860217
3.743685 -62.395225
69.347403 -23.322309
-54.822534 28.617791
20.897850 -42.565624
43.548163 153.491171
-13.060414 43.997052
-37.383318 66.179801
37.780910 -126.042447
-32.591465 64.861239
51.779015 115.606356
-55.011159 -83.489868
-83.482840 -102.672940
-45.050463 -137.023645
-42.822596 145.221686
17.151509 56.707818
75.558618 -26.027261
46.538415 -115.165330
31.277286 162.745100
-19.410637 163.523553
49.569475 -22.341009
-61.604828 -115.806988
46.410100 -83.661374
-9.498467 -87.629970
60.868775 60.648688
-1.192142 53.340030
56.356504 118.644731
-65.681148 28.787572
23.496215 151.013338
40.221941 -111.419480
44.110654 129.412415
-25.191056 -10.683073
17.508195 119.600931
34.651895 -125.964416
-52.310738 -32.395943
44.099444 -137.474492
-24.024004 174.573860
-29.665176 146.919092
-42.114625 -122.908666
40.852293 61.208666
-21.322579 -143.479608
59.545107 -66.004934
52.489040 -95.601143
-43.800897 171.136914
-41.931101 34.546565
-5.112798 171.647219
-6.070652 -174.994228
43.809232 87.344135
51.761658 -144.884257
0.865772 46.952735
29.808412 178.938855
74.570712 -52.017151
-28.214058 -163.803237
-36.359081 -95.574798
54.005854 -25.808936
3.411578 -168.971881
-17.783840 -99.817435
-4.913908 -14.123421
-7.336867 -92.194176
42.822977 39.993617
10.124194 36.730927
13.407224 -73.688630
-67.538442 -167.395017
-47.297487 -13.656597
-54.589483 155.035224
58.805231 50.440527
82.411029 122.774382
50.539410 147.486795
-45.365246 -86.674682
22.029938 -147.740757
-49.421430 -162.454134
-27.197832 -101.772163
20.863062 -11.689453
25.015835 82.309853
-18.695360 -138.882091
25.625911 18.468760
43.885777 153.944306
67.709683 -60.414464
36.050218 138.435635
39.079172 -145.729984
28.074168 139.225079
27.100493 87.444938
17.768771 83.133919
78.616802 40.970606
24.006012 106.843731
43.713546 63.975619
52.187306 116.517210
-24.684644 -137.881972
43.730408 26.307872
21.998831 -179.055872
6.191356 -113.268649
-50.716640 -34.725381
28.128155 -35.806982
-25.457459 -152.775053
-41.175017 10.789095
-9.589493 -143.900489
43.342504 146.205506
15.908859 -127.986366
31.103064 -1.523817
-24.512350 45.798662
-22.963391 -13.785911
-25.421277 -130.290490
-29.330526 -108.022263
33.095158 27.559057
9.111197 -143.744581
-25.331274 -14.288609
46.693926 -132.083928
3.857356 -36.337573
-2.901879 35.846165
-47.809437 114.737742
56.927921 52.382337
5.927261 16.649433
22.424240 94.381703
-28.955020 -112.072732
39.183841 -18.352693
55.230430 18.177799
22.157365 -136.499790
-21.005395 -109.407304
33.044314 159.714848
-65.682326 -146.236444
6.211227 -53.345063
-1.728364 -61.042963
27.322406 -29.539043
-74.787754 -173.319901
42.418715 -106.493161
44.377628 -127.057619
22.744423 92.255095
2.113037 -35.522981
10.371147 -41.745119
41.768557 99.494684
-20.258973 -33.869783
3.066925 87.763585
61.613078 -174.440207
66.663245 125.108375
61.960270 76.508033
-60.612027 -178.755091
-19.403054 -1.653122
55.762264 17.733979
7.795269 -157.178589
-27.700065 155.114957
-57.578404 -34.168081
-42.632576 -137.782574
2.131400 97.649152
-43.584375 64.723812
-5.029867 -140.901268
1.664660 175.806222
27.663422 101.890979
36.651678 -165.140623
51.041230 61.926088
-13.351334 92.725414
31.470356 118.839682
-20.423934 -18.402910
85.058867 -145.827732
-43.107430 -94.005604
-41.338291 23.745147
70.406381 -26.678071
4.952495 -90.833308
-74.182377 -132.335921
38.636488 -157.766201
-41.243744 -117.280122
-42.442891 -83.393613
-63.797208 66.561481
26.893793 142.095907
7.669320 125.948139
12.406907 41.388609
-6.306255 162.456115
-11.519675 -47.356126
-4.200313 97.414852
-78.830891 -36.615726
68.201691 43.809822
-64.799537 -115.481399
-8.406359 156.706487
-59.837970 32.671105
17.759803 -19.498863
13.893431 136.758457
-44.710798 116.237436
0.890959 101.747115
20.774045 -108.137790
-64.296908 -95.780226
44.252711 -92.134984
-37.540860 56.483901
-71.675320 -74.163326
-60.554635 34.374336
80.948683 -4.056082
-51.182441 -153.339226
-29.567456 164.888031
51.872262 -123.114510
29.837159 64.864668
-48.414643 165.965084
42.984262 -35.538501
-33.481835 88.586820
3.291203 176.088385
-38.498686 83.497853
68.711575 -105.823043
-5.725743 -94.239056
52.208800 113.326010
-51.483563 52.363103
-31.206587 151.372620
-10.461500 -117.585790
-30.340579 -95.503951
-37.917987 7.070277
20.812433 0.254359
