49.781892 14.686912
49.964029 14.073391
49.363649 16.644239
49.192244 16.611338
49.988511 17.465290
48.759401 16.881314
50.686545 14.537297
48.974736 14.474285
48.810653 14.315059
49.440707 12.929834
50.782420 14.214722
49.685635 18.348342
49.607079 15.579488
48.856391 17.123465
50.209211 15.832751
50.079351 12.370353
50.460646 13.417832
49.951146 15.794756
50.724090 15.171096
50.229639 17.204601
49.396064 15.590307
49.144326 15.003354
50.437045 15.351653
50.230622 12.870144
49.854272 18.541656
50.147850 14.102538
49.395118 13.293595
50.028889 15.201157
49.298419 17.392980
49.948656 15.268112
50.770265 15.058395
50.534079 14.131799
50.357291 13.796919
50.411619 14.903130
50.503274 13.636112
50.352078 14.474828
49.594881 18.010258
50.186331 15.041731
50.416702 16.162287
49.594057 17.251143
49.938900 17.902417
49.834914 18.282008
50.038581 15.779136
49.430874 15.223234
49.747741 13.377525
49.012909 13.997772
50.087465 14.421254
49.472147 17.111798
49.308989 14.147769
49.455377 17.450862
49.690144 14.010366
50.104114 13.731046
49.742964 13.594525
50.163107 16.274837
50.602249 15.335260
50.181564 12.640035
49.261277 13.902504
49.756205 16.468899
49.965552 16.970565
49.795545 12.632986
50.640664 13.824446
50.560885 15.913050
49.414153 14.658723
49.215191 15.881609
49.068102 17.466390
50.660333 14.038136
49.973760 16.394170
49.338977 17.996153
49.277819 16.999445
49.226766 17.666742
48.855434 16.048946
49.562901 15.939192
