41.3317 19.8172
42.5075 1.5218
48.2092 16.3728
53.9678 27.5766
50.8371 4.3676
43.8608 18.4214
42.7105 23.3238
45.8150 15.9785
50.0878 14.4205
55.6763 12.5681
59.4389 24.7545
60.1699 24.9384
48.8567 2.3510
52.5235 13.4115
37.9792 23.7166
47.4984 19.0408
64.1353 -21.8952
53.3441 -6.2675
41.8955 12.4823
56.9465 24.1049
47.1411 9.5215
54.6896 25.2799
49.6100 6.1296
42.0024 21.4361
35.9042 14.5189
47.0167 28.8497
43.7325 7.4189
42.4602 19.2595
52.3738 4.8910
59.9138 10.7387
52.2297 21.0122
38.7072 -9.1355
44.4479 26.0979
55.7558 37.6176
43.9424 12.4578
44.8048 20.4781
48.2116 17.1547
46.0514 14.5060
40.4167 -3.7033
59.3328 18.0645
46.9480 7.4481
50.4422 30.5367
51.5002 -0.1262
